01610004123
01610004424
01610004434
01610004455
01610004680
01610007024
01610007878
01817181044
01817181048
01817180812
01833183500
01817181054
01817181070
01817181086
01817181096
01817181106
01817181112
01817181113
01817181114
01817181129
01817181137
01817181223
01817181246
01817181253
01817181276
01817181288
01817181316
01817181330
01817181344
01817181351
01817181352
01817181361
01817181380
01817181385
01833181196
01817181400
01817181412
01817181418
01817181459
01817181465
01817181474
01817181532
01817181755
01817182195
01817183461
01817183657
01817183680
01817183688
01817184334
01817184338
01817184341
01817184342
01817184347
01817184376
01819210003
01819210086
01819210120
01819210127
01819210157
01819210176
01819210212
01819210226
01819210254
01819210301
01819210344
01819210350
01819210364
01819210386
01819210400
01819210402
01819210406
01819210418
01819210456
01819210458
01819210460
01819210470
01819210485
01819210557
01819210562
01819210588
01819210595
01819210601
01819210637
01819210669
01819210826
01819210835
01819210852
01819210887
01819210903
01819210915
01819210944
01819210974
01819310089
01819310157
01819550506
01819550510
01819710105
01819710110
01819790402
01833180607
01833180723
01833180725
01833181083
01833181108
01833181182
01833181345
01833181416
01833181418
01833181485
01833181530
01833181687
01833181903
01833181911
01833182102
01833182121
01833182123
01833182144
01833182216
01833182285
01833182345
01833182555
01819210076
01819210209
01819210352
01819210982
01819210999
01819310011
01819210111
01833182611
01833184907
01847343264
01871006702
01833182291
01871006708
01871006754
01817183534
01833182808